#"Step","Potential Energy (kJ/mole)","Temperature (K)"
1,-554.9855900825683,0.2167684680301662
2,-554.9804169512502,0.40204376169198547
3,-554.9709119037431,0.5728263669778907
4,-554.9555782762224,0.7825202773415326
5,-554.9319380621745,0.9861347877727835
6,-554.8978190559991,1.1827460682569841
7,-554.8545643613804,1.3456275373682558
8,-554.7998650050438,1.5363605655302222
9,-554.7374363108343,1.6412101020211
10,-554.6642168123801,1.9070829189538299
11,-554.5797783602167,2.0809133853722126
12,-554.4909441557497,2.1825360411527344
13,-554.3880958802229,2.445104277603632
14,-554.2712945851011,2.812904180122024
15,-554.1489135870326,2.8954749593228417
16,-554.0254903978993,3.0029726557542964
17,-553.8945009950851,3.0494374233713026
18,-553.757941134819,3.1911919492322234
19,-553.6172924736683,3.3098460374310643
20,-553.4718932352674,3.510679216507873
21,-553.330669856712,3.6400583164737697
22,-553.1978093199107,3.893393839514155
23,-553.0763018484234,3.8101308531888836
24,-552.9707643744994,3.961779912402745
25,-552.8827675823728,3.9393278120107262
26,-552.8078141395158,4.0960776506048635
27,-552.714726228941,4.174047549329339
28,-552.6444489917579,4.1493971247586865
29,-552.5802720801116,4.103275789626529
30,-552.5248764145716,4.264131828196949
31,-552.4797107277076,4.442155912356701
32,-552.4495053451383,4.5887769787667985
33,-552.4300720411652,4.905420674640596
34,-552.4052044651995,5.124233640461739
35,-552.372156185752,5.3859868733952245
36,-552.2997271130554,5.542346334027124
37,-552.2162794395816,5.537172765824761
38,-552.1223167510659,5.616528896457889
39,-552.0190173535158,5.546005294042275
40,-551.8965936826678,5.62175745715598
41,-551.7530222887113,5.736027101660194
42,-551.5936725916117,6.041814837310001
43,-551.4262166672985,6.144511225520048
44,-551.2476785646928,6.209535793788088
45,-551.0589428691092,6.4180499464232525
46,-550.8469901688286,6.59642293041816
47,-550.6273416606357,6.509392472898358
48,-550.3958125378714,6.556998500985502
49,-550.1426680121511,6.5513443557860125
50,-549.8992907066051,6.534207485324465
51,-549.663907256935,6.521593453165745
52,-549.4337951592156,6.584553770961296
53,-549.2065480480837,6.5690184570123344
54,-548.999026754628,6.465523137401971
55,-548.7986720779843,6.544249179319383
56,-548.6214061881952,6.565456832535357
57,-548.474296728693,6.632222102975719
58,-548.3300097359405,6.726327103940766
59,-548.1886879572369,6.773409256891835
60,-548.0581499869623,6.929330633264129
61,-547.9391767676703,6.948043170454689
62,-547.8467604082133,7.034825324682999
63,-547.7459179032568,7.267743078073244
64,-547.6645683198069,7.193120407234045
65,-547.5767572172462,7.270875364403309
66,-547.4959044214403,7.423741007523941
67,-547.4336972957577,7.7586035081540015
68,-547.3705133991158,7.596969634881954
69,-547.2940314741583,7.96689923889349
70,-547.2128978718321,8.188954897194314
71,-547.0913526023595,8.366470379597175
72,-546.9418597003285,8.579692094980787
73,-546.7753740851982,8.493811028914887
74,-546.5903380839056,8.448249648309503
75,-546.3785349305604,8.59951437737004
76,-546.1541850844019,8.676797255275853
77,-545.9265431152061,8.478253917032875
78,-545.6802907504998,8.434662682258375
79,-545.4265718824671,8.601753513854833
80,-545.148331563924,8.787759665473512
81,-544.8437680986835,8.848881540519137
82,-544.5327895759948,9.138426047640387
83,-544.2255004206809,9.2725539435148
84,-543.92731114043,9.239847725241422
85,-543.6668614687087,9.26169713258311
86,-543.4302852657211,9.307680999739361
87,-543.2125031493106,9.403365224079252
88,-543.0063429780835,9.486669549867365
89,-542.8365538802336,9.487508869136155
90,-542.6991798188074,9.599967863666045
91,-542.5922914759369,9.654207652747187
92,-542.4866868047922,9.638816538567584
93,-542.4045153157037,9.745335335770605
94,-542.3077418490793,10.068383961038265
95,-542.2156880216049,10.16859142627449
96,-542.141638398211,10.580272767188351
97,-542.0517026769049,10.78111165450272
98,-541.9267608511916,10.64386217367974
99,-541.7882551489411,10.619076236615316
100,-541.6215579760865,10.938833571005068
101,-541.4545499883591,10.938918553630632
102,-541.2586929356437,11.186637684812927
103,-541.0315820113176,11.568932767394507
104,-540.7782724675917,11.667804007464609
105,-540.5292677866075,11.67762151828395
106,-540.2785401919168,11.366322093139626
107,-540.0189743192818,11.29795469688402
108,-539.7732062496785,11.370675988568676
109,-539.5304985573798,11.184039121098037
110,-539.2732923207291,11.529066701371619
111,-538.9909079933316,11.379933230490206
112,-538.7066470593462,11.577637551732131
113,-538.4390760545855,11.566618300423768
114,-538.2109568339419,11.759276126861346
115,-537.996039265948,11.769067786917143
116,-537.8129348619323,11.651503213288073
117,-537.6908778014828,11.586890897548772
118,-537.604790600883,11.706819046836843
119,-537.5886423522188,11.844424593785428
120,-537.574314286214,12.392499864243158
121,-537.5534763386147,12.597093887338255
122,-537.5790608915245,12.868941063420658
123,-537.5952610181499,13.009483788218951
124,-537.6087402597457,13.518088632884659
125,-537.638064105698,13.533255274012973
126,-537.6582902543289,14.01853265303713
127,-537.6736813769515,14.401751514189472
128,-537.7156754144886,14.515399742444043
129,-537.7590837907477,14.644501425745135
130,-537.7846295814477,14.679245131394325
131,-537.7990090249353,14.691463978041714
132,-537.7816880495695,15.231205622852299
133,-537.7106969748424,15.215995676741281
134,-537.616354902118,15.287521807073565
135,-537.4803953493565,15.238137658960502
136,-537.3277500395329,14.982778407150668
137,-537.1210009565657,15.222464849692741
138,-536.8843219497978,14.95208949899618
139,-536.6066873925581,15.218666854833266
140,-536.3162106857525,15.28609312397434
141,-536.0153161008886,15.433773193694266
142,-535.7103110899441,15.207880196960987
143,-535.4130805146402,15.092857761279348
144,-535.1386777495229,14.939383577334105
145,-534.869085312806,14.791079248244092
146,-534.6009742130265,14.866171852590742
147,-534.3723813297493,15.077383145936654
148,-534.2022558682702,15.251193542545867
149,-534.0916850570919,15.50012325929531
150,-533.9985899825103,15.820417996310763
151,-533.9239624346288,16.150469793279235
152,-533.8848185108212,16.27792834007309
153,-533.9076975325777,16.757059599487988
154,-533.9475464412811,17.121049889000595
155,-534.0263052683458,17.715823795767413
156,-534.1693313879975,17.833005452575634
157,-534.343676053617,18.002029683455287
158,-534.5195099571523,18.48689879732086
159,-534.662986531689,18.749384973049867
160,-534.7791858223669,18.835502867125225
161,-534.8637362434233,19.083027454712635
162,-534.891551325108,19.043852987009913
163,-534.8790937682597,19.421146598144876
164,-534.8045882314632,19.726084666402283
165,-534.6596458562308,19.507985261617776
166,-534.4649110466391,19.57845502838493
167,-534.2049054608414,19.69318877342007
168,-533.8724928317584,19.289017822125953
169,-533.4825509318244,19.153636273473936
170,-533.0416941779654,18.79611927910829
171,-532.5726643019635,18.35031847633474
172,-532.1116720917397,18.44807660043591
173,-531.6566589267111,18.317470340689148
174,-531.2417063415268,18.184210936593125
175,-530.8780299468217,18.222397231716396
176,-530.5449874165463,18.115226179352693
177,-530.2708009093112,17.97863526215671
178,-530.0612541508012,18.22111122903143
179,-529.9162822816037,18.56836996618392
180,-529.847167067307,18.986467147931418
181,-529.8443445409298,19.323122817754236
182,-529.9141510233595,19.752263556636887
183,-530.0054776951818,20.746636436593914
184,-530.1140756131595,20.858211150350535
185,-530.2333020152821,21.186524947466413
186,-530.3448335899569,21.406760420860117
187,-530.4460951077187,21.68733462849859
188,-530.5111283442982,21.890859136645126
189,-530.5253569378151,22.316640996794074
190,-530.4647679578263,22.372868654588046
191,-530.3342850173674,22.590705402211285
192,-530.1323338303662,22.494720940298247
193,-529.8656337009402,22.74679562798835
194,-529.5087237887838,22.72939858933639
195,-529.0646401954372,22.937524245953956
196,-528.5333742086189,22.502928178740003
197,-527.941871773882,22.589646159970155
198,-527.2966430149161,22.84287949365465
199,-526.641579957304,22.748873279367736
200,-525.9356576049439,22.651835832080753
201,-525.2306589615816,22.108699138680528
202,-524.546654502971,21.857956187347938
203,-523.8972845147536,21.461134414127045
204,-523.2897951483363,21.515230655430006
205,-522.7569731336137,21.02750138621892
206,-522.3101934271564,20.685914941775234
207,-521.9648595574301,20.345946978642363
208,-521.7327837256958,20.472280913424264
209,-521.5273558839717,20.575379780175297
210,-521.4219497717374,20.499892444567383
211,-521.3953470299613,20.922992126060166
212,-521.4575885407148,20.82509963156372
213,-521.5882455134378,20.954858912841143
214,-521.7628906782836,21.19181280979196
215,-521.9711048768517,21.366681556250263
216,-522.1635210329586,21.643465630251026
217,-522.3385040166314,22.092062469449417
218,-522.4973686610655,22.497607519416306
219,-522.6230568501051,22.90820409382929
220,-522.6852056368638,23.39429117947079
221,-522.6499484280164,23.73590384219164
222,-522.5552388819376,24.339402337112706
223,-522.3658771727428,24.40592366113193
224,-522.055706455685,24.480490312679624
225,-521.6263431036439,24.451708539031408
226,-521.0659932335963,24.075180983339653
227,-520.4327745356119,24.1013112314412
228,-519.7333030961979,23.938750521786226
229,-518.9751841903583,23.8516897207782
230,-518.2077422509985,23.07291312102699
231,-517.4396868267561,22.506258301124273
232,-516.7103489956856,22.39321621393637
233,-516.0500307726979,22.00394497944143
234,-515.4380530281305,21.80801267902756
235,-514.8916604501957,21.626539454950223
236,-514.4375800400584,21.448232799681026
237,-514.0153930189633,21.602264423480115
238,-513.6827010524257,21.584218431752134
239,-513.4422320082442,21.361448579663463
240,-513.284437424891,21.345938221639152
241,-513.1646114220453,21.029194034328977
242,-513.1027574071431,20.954582507253463
243,-513.0513552944343,20.80766556793769
244,-513.0599737797972,20.52539782512758
245,-513.1300074882253,20.570523677408104
246,-513.2253384460319,20.814940934617162
247,-513.2893290613807,21.150280695838372
248,-513.3406455413465,21.02437827087162
249,-513.3993136396795,21.329722324595078
250,-513.4333641350843,21.179051964912187
251,-513.4564472558436,21.23848643342394
252,-513.4623632045401,21.548538189440393
253,-513.5056257804523,22.016734340555445
254,-513.4844785622114,22.068496096296762
255,-513.4376117294796,22.507937056660193
256,-513.3567518596698,22.30634269997245
257,-513.2541133195838,22.549677808261098
258,-513.0713594487627,22.697217560816185
259,-512.8404803588506,22.60890809633379
260,-512.5817956592788,22.51459377991985
261,-512.2827589403158,22.74269145760354
262,-511.997028658433,22.622841552786856
263,-511.71426054160975,22.63727549314386
264,-511.45186702521426,22.633076367965042
265,-511.2245250400274,22.57186367405603
266,-511.0119441397735,22.667028516783567
267,-510.83073951054877,22.948667348258052
268,-510.7316875742382,22.871775202438478
269,-510.68714631373206,23.14295242429498
270,-510.67995493689534,23.627787297783023
271,-510.70894513153615,23.986556011014407
272,-510.80468255711406,24.184160454268515
273,-510.9715384609464,24.397275742852106
274,-511.1713722551562,24.654686027013422
275,-511.3922477980938,24.731034837985078
276,-511.6485137973439,25.598602100276434
277,-511.94335462362193,26.23139525182638
278,-512.2155621382037,26.6601703561783
279,-512.4651233511294,26.6972503110321
280,-512.6873118907291,27.404369157232363
281,-512.8149390388799,27.308961314109464
282,-512.9286695072251,28.168834021642333
283,-512.9657854858981,28.329762824325325
284,-512.9330859722721,28.555239501068254
285,-512.80185206972,28.61644774793298
286,-512.6135924214893,28.583989663843724
287,-512.40740393869,28.427224928964765
288,-512.1638886679613,28.722205490871136
289,-511.8730958054656,28.905865094450682
290,-511.5540021006569,29.005284927985713
291,-511.2401955619123,29.04305567663656
292,-510.95803730674766,29.099878995624938
293,-510.69413853292394,29.161009200765882
294,-510.4905453815619,28.999673190290324
295,-510.3406474465247,28.936590475932224
296,-510.2499052911629,28.69976886019046
297,-510.23603444169555,28.905324543290497
298,-510.2989013896634,29.314798160860338
299,-510.42407944187136,29.93052930578525
300,-510.6318803575515,30.634311416219795
301,-510.90098873383687,31.108991561731802
302,-511.2595990515254,31.64593620570903
303,-511.6437549960357,32.33407437865976
304,-512.0737808500241,32.99088912090792
305,-512.5581357715627,33.52051143311816
306,-513.0347863623806,34.102266495765505
307,-513.4914841109367,34.60220172963033
308,-513.9324807534255,35.247426596970456
309,-514.3213932187851,35.45996817436825
310,-514.632567883891,35.774319388108914
311,-514.8730588385787,35.84124376168822
312,-515.0671481538569,36.019860339436455
313,-515.1444431486989,36.29231210368913
314,-515.1113298655972,36.437028459605855
315,-515.0308746919936,36.56177620189993
316,-514.8725046456387,36.5303850858286
317,-514.5992583332182,36.56529802167215
318,-514.2472677193701,36.75331942385647
319,-513.8290451671497,36.717109538355984
320,-513.3750225006168,36.209615952598575
321,-512.9087834334343,35.71176962839198
322,-512.459579995116,35.66825117268133
323,-512.0523094946091,35.162289022093724
324,-511.62659795238983,35.00760155039161
325,-511.14405253397945,34.86588618098792
326,-510.67996473018076,34.6944327540002
327,-510.22772936848236,34.405439096239846
328,-509.82655505080953,34.1345641958844
329,-509.4816592770395,33.46260245509625
330,-509.2316129914687,33.57312911116032
331,-509.01200617401736,33.29753745893518
332,-508.82520235819953,33.63677881390154
333,-508.67964361822027,33.86511703299326
334,-508.5955253218069,34.097800298223646
335,-508.567376373951,34.09400796699904
336,-508.53033460775004,34.506086339786954
337,-508.5326657623112,34.59347639270539
338,-508.5422958889033,34.6831100233213
339,-508.6081502665849,34.736268988844785
340,-508.6930173870421,34.38471196926795
341,-508.8148625265705,34.546041994507206
342,-508.9707772689568,34.26222928500391
343,-509.11284092749844,34.18718908044747
344,-509.24143694273863,34.40951692716278
345,-509.3810693434963,35.071091474327915
346,-509.4897092353826,35.16999765523967
347,-509.55091235887846,35.22850166971298
348,-509.5768767559359,35.16971855309978
349,-509.6015710308948,35.47802641959218
350,-509.55513678884233,35.56237960802454
351,-509.4520577739445,36.03892467138969
352,-509.30964783762784,35.94495639488985
353,-509.1292457319892,35.87326608241634
354,-508.8685596927352,35.921106899461144
355,-508.5753119100192,35.94890040259183
356,-508.21414053343176,35.77093359721688
357,-507.7867058900012,35.47001225981928
358,-507.33120519270904,35.21423507464073
359,-506.82700623775486,34.62125245271797
360,-506.3069057177174,34.620345487435756
361,-505.7804693600887,34.563294551265315
362,-505.296379745054,34.33099600940168
363,-504.8105045585448,34.303332036656876
364,-504.34178606405874,34.16402923642587
365,-503.94762639648377,34.09838010330392
366,-503.61188928912156,34.33197376279338
367,-503.37431713863145,34.34080989839344
368,-503.17521906710977,34.18897033686304
369,-503.015869002968,34.515753448291704
370,-502.8846775374132,34.71440789836761
371,-502.8198478505676,34.6732636997018
372,-502.811702268563,34.41138341417951
373,-502.8530530136275,34.67191909923414
374,-502.9746570121379,35.29743312293097
375,-503.09567302758643,35.822503795694765
376,-503.2686435251597,36.12551484444542
377,-503.4618289365299,36.42353121719003
378,-503.6801373055145,36.75953277648298
379,-503.8603347231747,37.046407055979714
380,-504.01036217570237,37.20502190841642
381,-504.1024544712401,37.48465836200609
382,-504.1859401406766,37.07257888550572
383,-504.19698429881595,37.46349972913768
384,-504.1262833996057,38.03748433979619
385,-503.9766059446816,38.37916925162258
386,-503.72790212327277,37.8985671758585
387,-503.43575572444274,38.35291286955265
388,-503.0660528252552,38.22506685561463
389,-502.59271799927876,38.27514654764378
390,-502.0644397639304,38.5291502841348
391,-501.51877422982596,38.37517662004306
392,-501.02601959436316,38.4297852447669
393,-500.5675215895501,37.701203574841735
394,-500.12789153898217,37.35211788370627
395,-499.76703311746695,37.73569993495397
396,-499.47823966087344,37.16459129368791
397,-499.2744388751504,36.8644539455869
398,-499.15102341113436,36.96439568577714
399,-499.14860945430877,36.70246037734753
400,-499.28455046123065,37.11815501112312
401,-499.4898512213755,37.03246780119292
402,-499.75631746695456,37.8982761700573
403,-500.08357551100147,38.47551685244618
404,-500.47938566024703,39.016107899725135
405,-500.8901945907541,38.87828142641312
406,-501.31615703616,39.047483291215734
407,-501.69286356749933,39.619754978738534
408,-502.0182487573758,40.308086081037736
409,-502.2549436253335,40.528110990907784
410,-502.401820950039,40.92988047136492
411,-502.4737356240357,41.5347804858623
412,-502.46363394534745,41.67104410467679
413,-502.3257248483439,41.311249484808755
414,-502.0427774942048,41.17933754131064
415,-501.6367851058027,40.514076935761054
416,-501.14569314097315,40.65416294323809
417,-500.5451080561347,41.16171627271703
418,-499.9117972053337,40.534691472792495
419,-499.2441962346002,39.973255727758136
420,-498.5022855335376,39.652447791385526
421,-497.7281125622461,39.239915292038425
422,-497.0124825570477,39.07603583298033
423,-496.2880576982734,39.043709544749824
424,-495.68348768339547,38.59273388102866
425,-495.1835115729961,38.32364122346751
426,-494.8108439620055,38.35273956674005
427,-494.5935749326668,38.46947606852515
428,-494.517149539085,38.59033808104568
429,-494.57347083389266,38.63769205705839
430,-494.7498203418664,39.121820285360464
431,-495.0452632513785,39.699893678460874
432,-495.37179604211207,40.2613772721847
433,-495.72276205212347,40.542035096442085
434,-496.0977419107301,41.21692175251808
435,-496.50358680654915,41.625506926238984
436,-496.86888710010646,42.01481450663037
437,-497.23541398739553,42.517313769929764
438,-497.5798750190686,42.59467476723844
439,-497.9071277314176,42.9041174655104
440,-498.17276390571476,42.981567580298844
441,-498.3697755720513,43.11448576814592
442,-498.4688619676286,42.959690579744084
443,-498.52983629006025,42.72522803218539
444,-498.5510064873685,42.66276097990581
445,-498.54706043028546,43.09228566563998
446,-498.5263055719668,43.03899033313415
447,-498.45292746080133,43.14320540398682
448,-498.3535094666967,43.55136430314465
449,-498.21814420359476,43.6906867513961
450,-498.03204777462287,44.171377448193134
451,-497.8122421237866,44.080705721827776
452,-497.5736095532764,44.17055026732965
453,-497.3465956132362,43.82614958360404
454,-497.11523942061837,44.21357648171626
455,-496.90746878892753,43.754589117762436
456,-496.7167532047423,43.210351914743086
457,-496.54529580190666,44.00872530984923
458,-496.35536484025545,44.040470903364046
459,-496.1233718196108,43.705287476480216
460,-495.9185186408512,43.617148525038836
461,-495.7523891387253,43.58990825309278
462,-495.6484297681419,43.74499551436151
463,-495.51433176734,43.43860362253232
464,-495.4503993061488,43.82966312082217
465,-495.41094328855576,43.713913118237336
466,-495.37022683217486,43.62312053556388
467,-495.36135046030006,43.42209539678408
468,-495.3897172574819,43.510871920652214
469,-495.47911732219393,44.28386345348337
470,-495.55796681927086,44.45071348544223
471,-495.637376656114,44.94075433430298
472,-495.715141667011,45.27457937760702
473,-495.8262247321672,45.92569727955061
474,-495.87424619764386,45.852757885435196
475,-495.94387472486983,46.05516678546715
476,-496.0173784092562,45.92254858545781
477,-496.06647406104327,46.27065951696811
478,-496.09924037070425,46.66220264569006
479,-496.11318174187903,47.062733743668204
480,-496.15925324441423,47.301756823361075
481,-496.11213435525497,47.95692797345221
482,-495.98379145021045,48.36126719801593
483,-495.79379664732227,47.60489883994643
484,-495.57466562945746,47.70002803765401
485,-495.301062960751,47.73318655989724
486,-494.9962983221946,47.52152715511204
487,-494.65978373787704,47.32862627371386
488,-494.2863949867414,46.36832955472381
489,-493.90566266322645,46.103721140849714
490,-493.48834861836616,45.71756561290514
491,-493.0089174211985,45.71484313693339
492,-492.55148944480175,45.602027847660416
493,-492.1140633374779,45.63058170020477
494,-491.6927869270891,45.08767326072876
495,-491.3084147516412,44.9944520115899
496,-490.93102141513066,45.101505270665314
497,-490.6656195361904,45.350016266962506
498,-490.5095626104307,45.10017323504136
499,-490.47628579471825,45.21519152140962
500,-490.56306710571084,45.007832381635005
501,-490.7410788242018,45.59014307099205
502,-491.00833986832987,45.96373000895537
503,-491.3282133983118,46.039280942661215
504,-491.7612112679215,46.41565832525774
505,-492.26935233537716,47.30525067180982
506,-492.83658867801,48.140839719278965
507,-493.4154214978194,48.20389674612224
508,-493.9111530089683,48.57140528189743
509,-494.31001731659177,49.14902018852122
510,-494.6188477928579,49.45661035072952
511,-494.8628772014616,50.246626783894
512,-494.9982667885939,50.6920195408634
513,-494.9253432311172,50.73309584747561
514,-494.71027268977844,50.849127819134594
515,-494.34886748583,50.65331505561547
516,-493.793705141562,50.36895115288147
517,-493.1300543413709,50.13890256400888
518,-492.34815022194414,49.217113746675324
519,-491.4659279490487,49.477118193690266
520,-490.51440657967566,49.188966660074385
521,-489.5165283919907,48.73829908029667
522,-488.4869830514575,48.24393695888813
523,-487.46178432055444,47.81193457704496
524,-486.48090157769514,47.367393042358444
525,-485.6378810084522,46.53082501055281
526,-484.9830132640514,46.08807463224927
527,-484.5548262897582,46.64468195498394
528,-484.33102470344426,46.74143367656535
529,-484.3248333560184,47.16091202481006
530,-484.52808315304463,47.41429345117702
531,-484.930752515683,47.388250385798464
532,-485.46703698152123,47.39768145592684
533,-486.15349962372284,47.7363297814987
534,-486.9725549375006,48.242959282107435
535,-487.90792865590487,48.96350063697382
536,-488.9693087806752,49.72032261653847
537,-489.99556841796874,50.2015657448779
538,-490.9550992055653,51.2174652399064
539,-491.7902805046722,51.38342633934661
540,-492.43641911329814,51.708421731054415
541,-492.91412331815354,51.92278332186605
542,-493.2115846776494,51.99756359680075
543,-493.2802007853434,51.569886302282896
544,-493.13737935118553,51.6458422405092
545,-492.7698491498044,51.69357657903891
546,-492.19746776421795,51.557056162429916
547,-491.4291194563668,50.87935494362121
548,-490.4958870605157,50.00735700864578
549,-489.4423993289909,49.64752947257127
550,-488.29737353362026,48.951295643979506
551,-487.1396554181881,48.26129020074327
552,-486.0169547449104,47.53117838494887
553,-484.96759246919794,46.769760281862155
554,-484.0174873927473,46.80103211901162
555,-483.2544751664582,46.6188360635266
556,-482.663145770478,45.95690734165319
557,-482.281559801186,45.52118755730799
558,-482.19153202839266,45.73300404116857
559,-482.2749177154687,45.34535320216199
560,-482.5721697730672,45.98218002164877
561,-483.03890740402926,46.750348058576925
562,-483.6723512714121,47.19242758260212
563,-484.3938536009533,47.44874319410342
564,-485.16827605351455,47.70967041211388
565,-485.9887877246916,48.52664360504139
566,-486.8444473229127,49.511175728623485
567,-487.60870821335783,49.94515548251283
568,-488.2673649858286,50.102756384913135
569,-488.79314404971433,50.56695711864302
570,-489.1913134516398,50.96662447393882
571,-489.4370852904635,51.054124221642134
572,-489.5464039380196,51.24711577747471
573,-489.4958659455983,50.764251955278766
574,-489.2767774818315,50.67710954758397
575,-488.96998457934444,50.5796802572442
576,-488.5795902675444,50.65522712661595
577,-488.09046968306757,50.436211308860656
578,-487.53878985176465,50.02706780709132
579,-486.87367900736064,49.52319106287499
580,-486.1361615120521,49.59036322749
581,-485.4347834633979,49.517815174560575
582,-484.74979281544296,49.27911288584977
583,-484.1094093147504,49.075430183156136
584,-483.53305959610043,49.15064299575944
585,-483.08659413421196,49.18028349514381
586,-482.7172893811622,48.90054312640859
587,-482.440951948038,48.63335648893097
588,-482.24788917259576,48.16543749827899
589,-482.15159192602283,48.05965862216126
590,-482.1767567196321,48.2578395962731
591,-482.2979787641583,48.74812816919433
592,-482.45975752212024,48.723328750094645
593,-482.68899566155085,48.696832725098794
594,-483.0172477097829,49.02951613419859
595,-483.3465144399678,49.32133201836304
596,-483.7247183597563,49.413164214542405
597,-484.05417697393915,49.76656023730027
598,-484.3674704910678,49.971290460932714
599,-484.6022244285716,50.02781188906213
600,-484.76517437689137,50.2238777193915
601,-484.8867379644455,50.589499228924865
602,-484.93834919038716,51.028716183470294
603,-484.8631462239955,50.74677564860249
604,-484.6766729918548,50.77491565333725
605,-484.35398652128043,51.29617704126335
606,-483.9293726515447,51.03138815846554
607,-483.4082971319736,51.4554293451627
608,-482.80269494404484,51.0498580030833
609,-482.09614783485074,50.96971946503861
610,-481.29173344841837,51.47798788189855
611,-480.4103871162358,50.65923119064794
612,-479.5259656586804,49.45906127880036
613,-478.6163025860466,49.1409353527305
614,-477.6881529793642,48.59177880663634
615,-476.78182722367285,47.602262227427104
616,-475.9381955146377,47.13120379855355
617,-475.189261263067,46.39657987657466
618,-474.49135162382265,46.13191272152572
619,-473.89078113920203,45.79559868360476
620,-473.4592997487238,45.34716953455119
621,-473.1677475254784,45.309562081920525
622,-473.05062056002333,45.391143998251906
623,-473.08711596321774,45.77345658347218
624,-473.25977036753443,45.74036423322019
625,-473.5965588148174,46.711223680415706
626,-474.05714147305684,46.15770241542976
627,-474.61595189164547,46.80758572140626
628,-475.28380933589824,47.37098464363138
629,-476.00592035005064,47.76349057991279
630,-476.7620214108331,48.53062397017836
631,-477.5231361818592,49.25719110664556
632,-478.230927542969,49.78366118319208
633,-478.9020484537073,50.525827998600924
634,-479.45114565708536,50.87980461518403
635,-479.917913148023,51.91627416055194
636,-480.24362881198596,52.65255849100248
637,-480.39679858743307,52.646490017338174
638,-480.35511115887,52.96340126197589
639,-480.1445510094948,53.059774722555616
640,-479.77613262205847,52.77082030442315
641,-479.2390434531566,52.23217183776035
642,-478.60930138550043,51.746214837293195
643,-477.96071565438814,51.22480388988876
644,-477.3073314426587,50.97622759803164
645,-476.6404289804884,50.6266496873858
646,-476.0402490717353,50.46655231174539
647,-475.42434549315146,50.22919626425363
648,-474.84575542952484,49.880420996094124
649,-474.3309643119275,49.40186389195352
650,-473.93649151345244,49.480968921876126
651,-473.6707895472003,48.938646772587305
652,-473.50832912613,48.62269046826048
653,-473.51692190034123,49.05776562003779
654,-473.74073835937276,49.840230874002316
655,-474.0645507240653,50.30708776266941
656,-474.4950435337617,50.541811024384025
657,-475.07987988806656,50.78117053210672
658,-475.790039541615,51.75474963312777
659,-476.57906374955115,52.382522602772774
660,-477.4577195169038,53.5597625525109
661,-478.42976900841745,54.130454344919464
662,-479.38085871416257,55.16422684047767
663,-480.34221767962754,55.74440051561078
664,-481.24637933939863,56.33121924138445
665,-482.0309354797465,56.58589925648007
666,-482.7265746443646,57.3260266861995
667,-483.33254527609915,58.188214086831316
668,-483.7977668021894,58.714280624218375
669,-484.068151480606,59.37597552404106
670,-484.20222858408636,59.24620964725228
671,-484.17625529215826,59.17413289675541
672,-484.0204142630565,59.28811133567161
673,-483.70509316980474,59.2024048291812
674,-483.28499713733646,59.06991919511056
675,-482.7334570462427,58.394883233560456
676,-482.1233675622604,58.01318157455586
677,-481.4816304671276,57.1572590048776
678,-480.93055983421226,56.59936506728676
679,-480.421518187491,56.91675102342408
680,-479.9661210795249,57.04247979681153
681,-479.61176828125775,56.24610581076101
682,-479.33161101616116,56.00368642463646
683,-479.1808460200314,56.1428470272299
684,-479.12109921633066,56.15724415866108
685,-479.20571807503006,56.39344947956123
686,-479.40496984968655,56.14074931422187
687,-479.72037238836975,56.87317558881003
688,-480.12412906716537,58.02886368765865
689,-480.50754160808,58.39323108014239
690,-480.91994129605433,59.46999437035168
691,-481.3429463980866,60.278595815665795
692,-481.64830510972337,60.706860430853325
693,-481.8252710312356,61.77644109939217
694,-481.8691818807719,61.86404281466978
695,-481.75748412846286,61.723717237237565
696,-481.53381828751407,61.66251936384957
697,-481.1725148139835,61.633978322981385
698,-480.67311498067556,62.01682402665329
699,-479.95847505207166,61.947754205968685
700,-479.0392031492862,61.113624010875164
701,-477.91548204109347,60.46116769687666
702,-476.6972281146136,59.01699046822333
703,-475.38985824917916,59.00830656613468
704,-474.03490143533827,58.266447604272756
705,-472.65537953371944,57.98502656502817
706,-471.3609328325456,57.333547834286406
707,-470.1767272603024,56.527200124598856
708,-469.07657127886074,55.523789844993324
709,-468.18689280228,54.73443108675242
710,-467.50315685555285,54.84147007097055
711,-467.05468702283264,54.723666841655806
712,-466.85618631905413,54.62202531579322
713,-466.9505881379243,55.127380536793304
714,-467.170795736188,55.34858246775994
715,-467.55554330874264,55.57343533407958
716,-468.0449696204115,55.95216918497039
717,-468.6746779527491,56.60073110016239
718,-469.34563292278665,56.91800169040804
719,-470.0531611365521,57.72403372452388
720,-470.6932187859545,58.38231358987869
721,-471.2527836952986,58.965656446654386
722,-471.58587807538987,58.800623504128694
723,-471.74631470129015,59.199017785040894
724,-471.68740148957335,59.74352274012369
725,-471.46792056483724,59.901927817042704
726,-471.04417494993015,59.65687793305685
727,-470.41149711530153,59.240904913634274
728,-469.58658745841365,59.454951064997445
729,-468.52837282436263,58.06771459962978
730,-467.3065472926013,57.75743649905594
731,-465.95036539210207,57.09126194953084
732,-464.5567764817359,56.52039242387337
733,-463.1035639633849,56.04679881497145
734,-461.6512479112117,54.92043327176761
735,-460.24215205441044,54.48861075706265
736,-458.89828076417655,54.18463105659487
737,-457.62919779933554,53.10461910899821
738,-456.4761512090386,51.65873677233171
739,-455.49312706927196,50.96233082908183
740,-454.7649098894459,50.605795591411756
741,-454.20330265968465,50.32278806452295
742,-453.79325477376705,50.47744106532833
743,-453.5892151911198,50.86753531351718
744,-453.51805162168114,50.91496746765249
745,-453.5512996545712,50.906571229525795
746,-453.7377594140296,51.102093859385306
747,-454.07852015812955,51.48885727910346
748,-454.5128737029476,51.525332736047034
749,-454.97728561647807,51.998480447650955
750,-455.476907945276,52.45883919008332
751,-456.02717497434855,53.264611012838145
752,-456.5558541693794,53.50510860029064
753,-457.1621798053175,54.200422190074015
754,-457.70865466440387,55.03861460833473
755,-458.1551259652658,55.74001028185152
756,-458.48067058524873,56.11133817299392
757,-458.7036011939458,56.50222381930625
758,-458.85444775183885,56.488217552115366
759,-458.9171260459487,56.75855505122598
760,-458.9128082573325,56.98523766594305
761,-458.83789481714797,56.95324919759683
762,-458.67671325825967,56.85799842534652
763,-458.5144329482381,57.361197038497444
764,-458.3300823442753,57.7231221987193
765,-458.1555277351007,58.165332521898414
766,-458.01334185987065,57.902442666423134
767,-457.86227094382673,57.73561974409113
768,-457.72232315841313,57.95503518399937
769,-457.57579907978715,57.80779425237644
770,-457.43577568524626,57.77255749837329
771,-457.2749086612032,57.88439793440598
772,-457.1216822851356,57.702885084255776
773,-456.992464436537,58.435915396458384
774,-456.84616789385507,58.09675291285811
775,-456.67713881222073,58.67754065757464
776,-456.5244690577789,58.9582193202721
777,-456.3483116425822,58.77812563327317
778,-456.1454404626068,58.53680642532606
779,-455.91752773746725,58.10807415866905
780,-455.78180196765203,57.67945385468998
781,-455.6922067508732,57.53831931605838
782,-455.6765989027042,57.694783842042355
783,-455.6965060891932,57.91770864374499
784,-455.789939100715,58.51553130829471
785,-455.9912831984084,58.31637795058123
786,-456.29198693651756,58.543422175295376
787,-456.7133857193967,59.06950212046443
788,-457.23019374430453,59.38440711277498
789,-457.8025199833285,59.73458623903631
790,-458.4547046537112,60.05776656196234
791,-459.16493883134035,60.8176983704214
792,-459.9167415456272,61.136617935302574
793,-460.72441698166347,62.28132234753124
794,-461.5743521629649,62.95812495326346
795,-462.42737916554927,64.22379749919646
796,-463.252136174482,64.43955072603603
797,-464.0671436710922,65.1970219247985
798,-464.8565582130987,66.69497891501507
799,-465.52399559813847,67.28792157128608
800,-466.115159019003,67.3371438570871
801,-466.54632011700943,67.98281124720968
802,-466.7593714108833,68.32797211691701
803,-466.7916818974169,68.47723855864987
804,-466.57297874025556,68.67499737089547
805,-466.17678180017,67.87096904737008
806,-465.55693015801376,67.5048959555667
807,-464.75775452369965,67.12756962714144
808,-463.7755766454746,67.4606758955356
809,-462.6528625250346,67.19155347509316
810,-461.4025095646918,66.07747420102058
811,-460.0753655644814,64.72221866002339
812,-458.72473680476463,63.97875784944852
813,-457.4496517363471,63.17560249421389
814,-456.2922123581092,62.21414269451228
815,-455.26376599961566,61.615295800408745
816,-454.4167432488074,61.34669245740538
817,-453.7629220065332,61.082484303770634
818,-453.33292361056783,60.7941977605398
819,-453.17335482882504,60.38985886817042
820,-453.29654675582844,60.961073229984414
821,-453.7196945754656,61.434164226328306
822,-454.3742986438066,62.36004746334251
823,-455.2300500995178,63.46699767065188
824,-456.22537448407655,63.50417738281887
825,-457.351535057481,65.1969678932116
826,-458.6256077460925,65.87333387918387
827,-459.8718172298409,66.75454728756516
828,-461.0105725880353,68.07299168692505
829,-462.01407820663394,68.64067714147738
830,-462.8426042181671,69.92117127419895
831,-463.42176403641406,70.74732923544661
832,-463.7744484917165,71.23416023094846
833,-463.8988571201517,71.11387831842482
834,-463.68186475313234,71.64714223643878
835,-463.16257521707274,71.04810142234173
836,-462.375810611532,70.82380472364297
837,-461.3616871153994,70.93168529327839
838,-460.20323483602385,70.25314393144282
839,-458.9281803267385,69.43155473609771
840,-457.58188166619743,68.87402341072867
841,-456.2097314075494,68.01325177724613
842,-454.85219248284744,67.56961474508307
843,-453.5307566747399,66.62615591016396
844,-452.362803816656,66.37172579218061
845,-451.3433114618585,65.92306539880713
846,-450.5709191502443,65.6776721904189
847,-450.00444836153383,66.04073243108593
848,-449.6263473828562,66.32154413978931
849,-449.45241061422985,66.17707399084809
850,-449.48455858380856,66.44177642276175
851,-449.72648836406523,66.57957924943288
852,-450.22016267961976,67.32923707279978
853,-450.9275270333029,67.98203234126362
854,-451.7746694701107,68.75387132337977
855,-452.71063617607035,70.08174792660468
856,-453.6735353583168,70.39356683771567
857,-454.62312973198163,71.19014785324332
858,-455.4966192879776,72.57715385347797
859,-456.17971387348547,73.40348540964013
860,-456.6465320947813,74.3079803580234
861,-456.87272842837444,74.94679012348028
862,-456.83046941538015,75.04477595108469
863,-456.4996218959953,75.6052737351888
864,-455.94802327563406,75.3798452588091
865,-455.15270956057975,73.97886243587143
866,-454.1586408492066,73.66237711377889
867,-452.99505634020863,73.29381453177919
868,-451.6537559623626,72.48205402585205
869,-450.21531762686374,72.15741923888145
870,-448.80252178026257,71.63166163451032
871,-447.4435677379478,70.51033971627614
872,-446.25274350609783,70.08905621550339
873,-445.2714947207789,69.6122241091608
874,-444.55928161089156,69.46313672276203
875,-444.15574577949627,68.98986995741865
876,-444.04473680840283,68.63756685088397
877,-444.25147872830564,68.91891608732801
878,-444.72638241743965,69.2456933145768
879,-445.4512270512984,69.49887110008422
880,-446.41002774980853,70.8231804050963
881,-447.48308800253824,72.21563059253668
882,-448.6636213324849,72.56423504816816
883,-449.8817536578464,73.15551558209884
884,-451.06201913451935,73.76020916211854
885,-452.17319881098996,74.66748327156172
886,-453.1664817454311,74.99769698746286
887,-454.0328517691599,75.46017555794229
888,-454.6956240713498,76.85786970440972
889,-455.05846161730614,77.16729651675358
890,-455.08458738149193,77.56210672653715
891,-454.7879906564435,77.99970717559526
892,-454.1150746176693,77.65891624115346
893,-453.14503691893486,77.49457952762928
894,-451.88405091631085,76.91091124650592
895,-450.368119984441,75.53255474267948
896,-448.72276991161124,74.9725516172503
897,-446.941769190482,73.77076217357242
898,-445.06713897488623,73.02126009051976
899,-443.214662372785,71.75871548027827
900,-441.43214182029055,70.75462027273333
901,-439.75754592208864,69.95949008362797
902,-438.3136135583367,68.93375234189786
903,-437.1598298235163,67.83073771007912
904,-436.30223516722936,67.55338479110573
905,-435.6622491708742,67.33596876869733
906,-435.3953316195467,67.0684353452249
907,-435.4275673996935,67.36540395378928
908,-435.76623961890425,67.82882465587092
909,-436.3802691677827,68.7220688848731
910,-437.2404612115826,68.90288415875379
911,-438.2528423501383,70.21338906570574
912,-439.3458570042482,70.86435621289534
913,-440.4397051536306,72.2435540582831
914,-441.5264747227145,73.46723423495207
915,-442.44487681514073,73.91311508645934
916,-443.24066962222406,74.62560601490866
917,-443.9163770063915,75.29070412860169
918,-444.35058601708704,75.27087687242053
919,-444.50226905215646,75.09274013162178
920,-444.38751920347596,75.82238985256808
921,-443.9988677835922,75.59941931100516
922,-443.3892906826181,76.23783094697694
923,-442.60751901263717,75.501404733614
924,-441.6648485801016,75.01801142014516
925,-440.54297583895277,73.89602874119255
926,-439.3268489881466,73.36080948591666
927,-438.0667760353552,72.2226081068986
928,-436.8405105059234,71.62933286983193
929,-435.64515242578887,70.77981702841367
930,-434.498676235183,69.35915605514535
931,-433.42464104974454,68.37452826977167
932,-432.5071110880814,67.89280403419316
933,-431.68374189203723,67.75416957624788
934,-431.05343042201525,67.51512987595206
935,-430.6044189313727,67.28429039141211
936,-430.3641030391515,67.63588006193622
937,-430.36829917477303,68.21738462776928
938,-430.5617996611993,68.23692658603673
939,-431.0002837556551,68.74264467553634
940,-431.62716577772204,69.40624885720584
941,-432.4407844690951,70.2247604611545
942,-433.4078474046619,70.77254669659273
943,-434.5478692717974,72.06518191267685
944,-435.71941174351065,72.72729047748051
945,-436.9344381132415,73.63314337316567
946,-438.1778931046851,73.97945096238583
947,-439.4346432953673,75.03622968266873
948,-440.6087571523389,76.74328162734187
949,-441.67770829698446,77.57321915585644
950,-442.61249661100885,78.25862718837836
951,-443.31755375131553,79.11895912893054
952,-443.81289982667056,79.08261468681334
953,-444.0689658974988,79.71545278538608
954,-444.0703015535386,79.73644578609533
955,-443.8647547437805,79.29000563639546
956,-443.4225738985026,78.73532604668357
957,-442.810128769212,79.1611010750979
958,-442.0273106939452,78.78654943286766
959,-441.1163758908304,77.75874422398523
960,-440.10684775848904,76.75435058082816
961,-439.0303155418715,75.96766008916543
962,-437.91366272332004,75.75365350152181
963,-436.7987213097383,75.14331739070344
964,-435.732305536814,74.72159007805978
965,-434.7796298784935,74.10477561984442
966,-433.85197674004036,73.64285892913118
967,-433.08934341500077,73.00525416201579
968,-432.49681761709434,73.56684613114184
969,-432.0667794140167,73.39769816868535
970,-431.82090564094256,73.51684654750038
971,-431.7596845772373,74.38109449650518
972,-431.91810730244765,75.63578401146246
973,-432.2031844570137,76.05441620401795
974,-432.6541756650106,76.89970315539342
975,-433.2923996900151,77.56882529257797
976,-434.0570552686461,77.50793752579314
977,-434.9149722138358,78.5064513982114
978,-435.81564023749763,78.9336916225276
979,-436.70680622687706,79.90740159913959
980,-437.52910519875275,80.81500574129049
981,-438.27158052344,81.67936214272373
982,-438.86610097175287,82.09388337284904
983,-439.3079370614769,82.80622289139487
984,-439.58512622660305,83.33374787903482
985,-439.7117252794825,83.41000039220661
986,-439.5700654293633,83.64432620789265
987,-439.2349367641589,84.59495761160234
988,-438.76231910581674,85.20801433468753
989,-438.0685248701943,84.8854981724999
990,-437.2058695564167,85.059166476383
991,-436.22417094805985,83.72739067998535
992,-435.109626004082,83.64119174133016
993,-433.89330784750024,83.26547681073271
994,-432.6763561325487,82.47742302415242
995,-431.4878472393689,81.96839071740474
996,-430.3491224679437,81.7710999064225
997,-429.32794867585113,80.76909421025039
998,-428.39693408323575,81.10818007621332
999,-427.6273789835268,81.00654826547313
1000,-426.9987359523037,80.62537192467197
